C 0 1183.1829679277207 362.9843406147427
C 1 721.3018662664625 479.5279788441128
C 2 241.75806697209677 489.08542739020453
C 3 2281.269887076484 500.108800623152
C 4 2141.5956592029997 517.9840006298489
C 5 209.24586900075278 523.8754805194008
C 6 2294.3858245478737 521.5082213348812
C 7 2303.161812464396 518.0000587834252
C 8 2145.014478948381 526.0994156731499
C 9 2249.647389623854 526.9344576994578
C 10 2133.9844392670525 544.9956476688385
C 11 2301.247560448117 546.7047894265917
C 12 2313.527464389801 543.00547475285
C 13 2104.877574072944 551.4982913335165
C 14 2168.6663178867766 554.3773734834459
C 15 2241.788344860077 551.2663089964125
C 16 2256.713697698381 554.1026213434008
C 17 2127.2079740630256 571.5206338034736
C 18 2306.1376747555205 572.7223010063171
C 19 2320.558611181047 569.5044338438246
C 20 2098.90574476454 578.5478921731313
C 21 2161.98904715644 579.2444225682152
C 22 2249.8539374669394 581.353318558799
C 23 2261.599567466312 582.4583069748348
C 24 2335.0522190729776 588.9934429857466
C 25 271.5392316182454 592.8700967099932
C 26 2193.6531494988335 597.8692439662086
C 27 2322.8222932285735 597.5127254592048
C 28 2336.4506094720628 596.3725096914503
C 29 2122.0433310402764 601.7797468238407
C 30 2309.312251249949 599.5414478778839
C 31 2095.789191034105 608.5308246877458
C 32 2156.8107737435234 609.0562646653917
C 33 2251.4062282244363 611.8801646762424
C 34 2263.4866823090447 611.0579214360979
C 35 2085.5260401831733 624.0150281058418
C 36 2187.960542096032 626.6492834091187
C 37 2239.1746977700127 624.4946724308861
C 38 2276.1335434913635 622.257004711363
C 39 2309.6549078093635 627.1265037324694
C 40 2321.836712466346 625.7865049044291
C 41 2335.2593438890244 625.4754667811924
C 42 2363.009714603424 627.8713217311436
C 43 2063.602022303475 636.6026936637031
C 44 2117.320947912004 634.0705007182228
C 45 2091.747184859382 639.9493957890404
C 46 2151.230379210578 640.2528415520986
C 47 2235.264221244388 645.3574113051096
C 48 2248.1726596620347 640.915965769026
C 49 2263.8321033583748 639.3271774980757
C 50 2308.4865283436247 639.3707528909048
C 51 2062.422509034475 650.3046256171333
C 52 2204.968984391954 648.1140667332543
C 53 2319.435432328118 653.5192095438639
C 54 2329.0830388069153 653.1844331423441
C 55 2363.2775038083396 651.6878781053755
C 56 2181.188598897722 656.2988534503513
C 57 2308.615531894896 654.5930152204302
C 58 2110.412354681227 664.0825384722816
C 59 2144.4878599643707 669.1070885393355
C 60 2244.0306345091926 668.9222599665324
C 61 2262.495356400808 667.1333589818743
C 62 2341.7371309863197 666.3150132232242
C 63 2061.862662474314 675.5233080652025
C 64 2085.2780827416314 670.4588940673405
C 65 2196.687495867411 676.2641970846388
C 66 2205.0291601286995 676.0931184556749
C 67 2226.6635005739 672.9829001956516
C 68 2361.559702343411 675.3611379199558
C 69 2174.0285294320847 684.5354786184099
C 70 2306.6065854231515 681.7062780327267
C 71 2317.349586751726 681.0787627961901
C 72 2101.3139640490213 691.7035038736132
C 73 2342.7851388719346 688.8404097557068
C 74 2050.15300544103 696.8918515576256
C 75 2062.747638437483 700.9360570377773
C 76 2076.351723353068 699.8534414503309
C 77 2135.223274919722 696.4368955029381
C 78 2193.9018965827095 701.375436703364
C 79 2217.518862777286 697.6573046578301
C 80 2240.588030497233 696.0439088344574
C 81 2261.4400295681426 694.581740644243
C 82 2361.0348932478164 697.4913696448008
C 83 2120.9180023272834 706.9410725434622
C 84 2186.411929660373 702.6066376103295
C 85 2303.421651045481 708.5148696104685
C 86 2314.5743487411073 708.0118842389849
C 87 2163.999971442752 711.7927423318228
C 88 2090.4786113103232 718.5718473858303
C 89 2123.3881712489656 723.5858656300438
C 90 2184.6715172396766 724.0399791664547
C 91 2212.5112046135796 724.1263416343265
C 92 2238.7711192237007 723.20289100541
C 93 2258.4594842063057 721.6642814477285
C 94 2360.7233396636116 718.8318103949229
C 95 2068.4391640557183 726.9698688189188
C 96 2060.136957420243 735.7456248932415
C 97 2151.0187327067056 738.0530109670427
C 98 2309.6936949623955 734.3467655446794
C 99 2361.4808520211113 739.7824651135338
C 100 2078.452643314997 744.4331098927391
C 101 2110.5111338032616 749.1303690804375
C 102 2235.8885241084627 749.6687190002865
C 103 2257.301644855075 748.3359355396694
C 104 2178.891621165805 750.1091694302029
C 105 2209.046020136939 750.6321538554298
C 106 2137.219501813253 763.725338379542
C 107 2363.679641405741 758.8370979362064
C 108 2064.5761426024965 770.4839372634888
C 109 2098.184865474701 774.4060475826263
C 110 2174.6693997912935 775.5590631696913
C 111 2205.101863331265 776.22469830513
C 112 2234.3358172310723 776.008593665229
C 113 2256.913298924764 774.722800652186
C 114 2368.763508266873 775.550494617886
C 115 2126.074027326372 788.2186590035757
C 116 2150.0563938882615 787.437279674742
C 117 2260.536586549547 788.092714495129
C 118 2113.934697681003 796.3369014792972
C 119 2309.927682797114 790.4139551851484
C 120 2050.8679509162903 799.510106033749
C 121 2086.735599146949 802.4404403898451
C 122 2171.0050643814934 800.2394723097483
C 123 2202.002680990431 801.9244623714023
C 124 2231.215714401669 801.7341721852621
C 125 2254.8603359858193 800.6780421468947
C 126 2320.3709518114724 812.5789975590176
C 127 2119.1685473654006 815.776873562071
C 128 2168.24247625139 826.1103570196364
C 129 2199.100597275628 826.8816918532053
C 130 2229.1360291375054 827.3557105594211
C 131 2251.8326604101394 826.5864402453104
C 132 2044.8344989352756 831.0510113504198
C 133 2079.1635360187956 830.9881952603658
C 134 2143.589190059238 837.5079111523098
C 135 2329.6935916476777 832.8788808716668
C 136 2110.715777291192 843.6940076351166
C 137 2219.517707294888 845.622657696406
C 138 2302.4732791317833 840.4511177010006
C 139 2165.651370154487 852.4364089436001
C 140 2198.088956197103 853.241286860572
C 141 2227.1935590108237 853.3598993619283
C 142 2248.880713144938 852.4489552709791
C 143 2339.6667710410225 851.8323745727539
C 144 2039.539087454478 860.6098799970415
C 145 2072.222946961721 860.1137817435795
C 146 2173.0213040775725 868.1724962658352
C 147 2227.589806026883 864.1849143240187
C 148 2305.487066215939 866.9616649150848
C 149 2042.888523724344 875.3445486227671
C 150 2104.0901997884116 872.6114130814871
C 151 2351.1466384596297 871.2907857365078
C 152 2164.846764193641 880.1050218476189
C 153 2198.941652774811 880.1618987454308
C 154 2228.600740962558 879.6224432786306
C 155 2249.883292886946 878.56559504403
C 156 2035.6733960575527 889.4099582301246
C 157 2064.46186431249 888.8211916817559
C 158 2310.666500488917 893.8094404538473
C 159 2095.786040465037 901.0456267992655
C 160 2068.73436583413 907.3783710267809
C 161 2166.9269270367095 908.6756693522135
C 162 2201.6770881546868 907.8457617759705
C 163 2231.3615984916687 906.9078710344103
C 164 2253.9601601494683 905.2165467474196
C 165 2029.352988349067 917.4794248474968
C 166 2055.735676235623 917.6805704434713
C 167 2074.1336977216934 916.9910544024574
C 168 2105.135351816813 911.9722543292576
C 169 2314.7953248023987 921.4270517561171
C 170 2085.231147342258 928.9163568284777
C 171 2257.050195482042 932.6071931521097
C 172 2095.3771232499016 936.2304009331597
C 173 2172.5355601840547 937.9306478235457
C 174 2204.928924454583 936.2016911771562
C 175 2233.7029195096757 934.6326667997572
C 176 2278.9826634724936 940.5281208091312
C 177 2022.9716138839722 946.524020989736
C 178 2046.0454264216953 945.7913191583422
C 179 2144.703607771132 948.0494286219279
C 180 2324.5218553013274 948.5396775669522
C 181 2074.2574689123367 956.6280620892843
C 182 2210.3032761149934 964.7627251942953
C 183 2239.145190132989 962.6499105294546
C 184 2263.6747680770027 960.2784844239553
C 185 2010.9935697449578 972.5400715404087
C 186 2034.643426073922 971.3305213451385
C 187 2147.6630597114563 970.0714953740438
C 188 2178.661309083303 967.3406236701542
C 189 2249.959466351403 977.9606722725762
C 190 2335.312284787496 976.680108388265
C 191 2005.089512930976 987.481539911694
C 192 2023.3578915596008 984.2508281601799
C 193 2199.910448074341 989.6580958366394
C 194 2273.6119020250107 988.3609898090363
C 195 2090.8981525368163 994.7842798233032
C 196 2184.1369483735825 997.3248222139147
C 197 2216.6848244667053 994.5780361758339
C 198 2247.3515717188516 991.3637353314293
C 199 2151.700977378421 1000.046348757214
C 200 2082.8163560761345 1019.0215111043718
C 201 2281.0950221485564 1019.880056169298
C 202 2154.6274396843382 1029.3770315117306
C 203 2187.809346569909 1027.800631072786
C 204 2221.2389260927835 1025.3357795609368
C 205 2253.422967116038 1022.3612549569872
C 206 2343.3442040549385 1041.3666630585988
C 207 2284.353909333547 1053.2443070411682
C 208 2155.7924797270034 1058.323665327496
C 209 2189.958671781752 1057.731122440762
C 210 2224.316837416755 1056.2624255021412
C 211 2257.0860422452292 1054.8503215577866
C 212 2173.2381983862983 1067.4097856945461
C 213 2068.28196949429 1074.2137999534607
C 214 2336.304727156957 1073.3080490430195
C 215 2155.447770383623 1086.6644079155392
C 216 2190.579533206092 1087.6828089025284
C 217 2225.7227651278176 1087.5680991808574
C 218 2257.2509495947097 1087.5456711716122
C 219 2282.2918082873025 1086.1732932461632
C 220 2056.192006693946 1094.1714583502876
C 221 2120.7570338514115 1100.5110750198364
C 222 2191.469489097595 1095.622269206577
C 223 2268.6821632782617 1100.0255675050948
C 224 2318.0327707396614 1102.6857488950093
C 225 2046.7612308131324 1114.7337981859844
C 226 2119.953359074063 1111.201538880666
C 227 2154.061502933502 1114.298579507404
C 228 2189.566859298282 1116.2291361490886
C 229 2223.8004919687905 1117.6053164535099
C 230 2252.329069932302 1117.5238035255009
C 231 2109.1697986920676 1122.193328751458
C 232 2177.3768169615005 1131.05662033293
C 233 2228.3664597405327 1132.8359008895027
C 234 2038.6921634144253 1135.2425276703304
C 235 2116.642259809706 1135.8529039223988
C 236 2150.958501603868 1139.737829764684
C 237 2185.609880129496 1141.2888742287953
C 238 2294.988556702932 1135.930048280292
C 239 2217.349662250943 1142.4890349176194
C 240 2281.5215383635627 1156.9163262579177
C 241 2453.4053496519723 1155.462222761578
C 242 2113.7184487978616 1159.7624416881138
C 243 2147.7716652552285 1163.5101450284321
C 244 2180.78464767668 1163.4020189444225
C 245 2208.58228720559 1161.535707950592
C 246 2201.8063939942253 1179.6515197488998
C 247 2273.458405282762 1179.0639667246078
C 248 2290.6748015085855 1174.1091714435154
C 249 2111.5154274834526 1182.6809217135112
C 250 2145.7178546057808 1186.6671772532993
C 251 2176.849351829953 1184.813626156913
C 252 2211.934146934085 1188.7438418865204
C 253 2285.91960477829 1196.0333307054307
C 254 2109.355955388811 1205.5671468575795
C 255 2198.5889421039155 1200.018076101939
C 256 2266.9527365366616 1201.438181903627
C 257 2143.9847037527297 1209.6155219078064
C 258 2175.1673172314963 1206.9939146836598
C 259 2195.806985696157 1220.8855416509841
C 260 2279.9526345994736 1218.1380978425343
C 261 2106.2682604789734 1227.1657229794396
C 262 2173.629091686673 1228.8283196290333
C 263 2260.433793703715 1223.2907231913673
C 264 2141.804281287723 1231.491789287991
C 265 2191.181820127699 1241.6342187987434
C 266 2253.7964599397446 1243.173593627082
C 267 2273.4136917326186 1238.6245903438992
C 268 2103.040866004096 1247.649678601159
C 269 2138.496664206187 1252.1875596841176
C 270 2170.721823692322 1250.2956631978352
C 271 2265.806061108907 1257.6729300287034
C 272 2099.3296158048843 1267.130820380317
C 273 2184.489394717746 1262.2608425882127
C 274 2247.234504805671 1262.766890419854
C 275 2134.22036907408 1271.6658922036488
C 276 2165.5043732325234 1270.4193223052555
C 277 2258.5921077463363 1275.9012528790367
C 278 2240.907239013248 1281.0721108648513
C 279 2128.9388496081033 1290.2246299584706
C 280 2158.5778680112626 1289.181024816301
C 281 2252.5360889169906 1293.8728431330787
C 282 2035.589757177565 1296.7895686096615
C 283 2165.414620902803 1300.9232976966434
C 284 2235.8176425298057 1298.6625033749474
C 285 2123.397612200843 1308.4568282498253
C 286 2150.942185084025 1306.8854309452904
C 287 2037.8156751526726 1320.8095597691006
C 288 2142.955974419912 1324.7648649215698
C 289 2118.639438205295 1327.4473368061913
C 290 2256.0103029145134 1326.0947447088029
C 291 2117.2946264478896 1339.441201792823
C 292 2257.309971968333 1334.5909311771393
C 293 2043.161522017585 1345.2050472365486
C 294 2115.2952862315706 1346.475707133611
C 295 2137.625680817498 1342.6708209514618
C 296 2147.2848785718284 1349.4032821125454
C 297 2262.3251661724516 1345.7786175409954
C 298 2116.1356695493064 1364.2073548369938
C 299 2137.2782751719155 1359.123322725296
C 300 2268.8682972590127 1365.801974164115
C 301 2142.0772302945456 1380.3250396781498
C 302 2181.8984603881836 1379.4807404941982
C 303 2119.4219115045335 1386.0760196579827
C 304 2274.495431529151 1386.5497221946716
C 305 2064.6584673457673 1404.9032316207886
C 306 2148.982836087545 1402.9587182468838
C 307 2124.0944333606294 1409.2861088646782
C 308 2277.9078097343445 1407.5790837605794
C 309 2055.104578468535 1421.4025368160671
C 310 3947.1593583424888 1419.1086636914147
C 311 2156.166166888343 1425.6417682965596
C 312 2128.7557956907485 1432.8902582062615
C 313 2278.3059658474394 1430.176824675666
C 314 2162.697294579612 1449.0438494152493
C 315 2274.75682399008 1452.1725311544205
C 316 2133.0722851753235 1456.8889575004578
C 317 2162.478094895681 1458.496507022116
C 318 2183.1979887485504 1461.2814869350857
C 319 2168.6447341971925 1473.1623260974884
C 320 2269.8214569091797 1473.5679195192124
C 321 2138.1699901156953 1482.015010356903
C 322 3953.042703045739 1481.3051243888008
C 323 3964.2888031535676 1489.8061048984528
C 324 2172.308417585161 1497.5284752580856
C 325 2263.765997250875 1494.9883306556278
C 326 3473.5502842532264 1497.4700566132863
C 327 2123.7384974691604 1502.6055502096813
C 328 2141.8544957902695 1507.1552183628082
C 329 2201.3735801378884 1502.2936929331886
C 330 2172.4367495112947 1522.47820409139
C 331 2205.3297201792398 1520.985805855857
C 332 2258.5786979728273 1517.9253565735287
C 333 2145.1537293858 1532.2385307417976
C 334 2205.1687513457405 1540.3122018443214
C 335 2254.235611650679 1541.4227379163106
C 336 2172.4711391660903 1546.8743608262803
C 337 2147.8663826518587 1556.634365108278
C 338 2185.939188533359 1552.371002011829
C 339 2199.899492846595 1558.5133914682601
C 340 2250.496921009488 1565.589770767424
C 341 2172.684849686093 1571.2540262010361
C 342 2100.4896184073555 1576.7146487765842
C 343 2150.5212291346656 1579.5529163943397
C 344 2173.4625523885093 1594.613143603007
C 345 2152.937374432882 1601.417260064019
C 346 2112.3486994372474 1617.8516862127517
C 347 2175.6578396691216 1619.376807027393
C 348 2156.865855905745 1624.692619562149
C 349 2178.1939561367035 1625.6103845702278
C 350 2180.0298614501953 1637.8218782742817
C 351 68.50810861587524 1650.8238002989028
C 352 2090.657322883606 1654.4098975393508
C 353 2019.9469894833035 1668.635803937912
C 354 2029.6991749074723 1666.3013558917576
C 355 2073.6229939195846 1666.0258912245433
C 356 2052.4897674454583 1676.1140892505646
C 357 2028.1841068797642 1681.7148293919033
C 358 1290.4168043401505 1985.0003951655494
C 359 1542.681814511617 2006.5724884139167
C 360 437.5586559507582 2119.6902295218574
P 0 210 209 203 204
P 1 316 314 319 321
P 2 139 140 153 152
P 3 61 60 48 49
P 4 208 209 216 215
P 5 131 130 124 125
P 6 311 312 307 306
P 7 319 321 316 314
P 8 203 204 210 209
P 9 161 162 174 173
P 10 104 105 111 110
P 11 207 211 205 201
P 12 337 336 341 343
P 13 163 164 171 175
P 14 59 69 87 77
P 15 64 58 72 76
P 16 257 258 262 264
P 17 170 166 157 159
P 18 129 130 141 140
P 19 91 92 102 105
P 20 269 268 261 264
P 21 17 21 32 29
P 22 30 27 40 39
P 23 153 154 163 162
P 24 113 112 102 103
P 25 111 112 124 123
P 26 328 324 330 333
P 27 269 270 276 275
P 28 298 299 301 303
P 29 188 182 197 196
P 30 59 58 44 46
P 31 235 236 243 242
P 32 100 101 109 108
P 33 32 36 56 46
P 34 345 344 347 348
P 35 89 97 106 101
P 36 87 77 59 69
P 37 80 81 93 92
P 38 210 211 218 217
P 39 31 29 44 45
P 40 48 49 61 60
P 41 13 10 17 20
P 42 144 145 157 156
P 43 44 46 59 58
P 44 109 115 127 121
P 45 227 228 237 236
P 46 120 121 133 132
P 47 150 145 133 136
P 48 157 156 144 145
P 49 197 198 205 204
P 50 72 77 89 88
P 51 171 175 163 164
P 52 279 280 286 285
P 53 247 248 253 256
P 54 347 348 345 344
P 55 133 136 150 145
P 56 289 288 295 294
P 57 183 184 194 198
P 58 178 177 165 166
P 59 216 217 229 228
P 60 261 264 269 268
P 61 251 250 243 244
P 62 157 159 170 166
P 63 91 90 78 79
P 64 243 244 251 250
P 65 249 250 257 254
P 66 122 123 129 128
P 67 307 306 311 312
P 68 40 39 30 27
P 69 237 239 245 244
P 70 245 244 237 239
P 71 174 175 183 182
P 72 251 246 255 258
P 73 216 215 208 209
P 74 199 196 203 202
