17298
13786
22401
13866
22528
22385
22370
22292
22713
22716
13750
22219
22361
22368
22041
22040
22201
22032
22094
13276
22190
22003
22184
13683
22055
22161
13664
13370
13159
22152
102
13650
13646
13411
13034
13087
21920
21916
22143
13633
13552
13530
12994
12977
12920
13084
21908
22131
13577
13484
13730
12960
12939
12848
13055
21893
21912
13613
13482
13466
12815
12875
12829
13039
13061
21877
22092
22096
13575
13594
13489
13447
13423
12789
12867
11316
13058
13068
21497
13567
13585
13491
12043
11069
11058
11287
11300
11389
11395
21492
21849
12320
12295
12213
12198
12010
11992
11043
11283
11267
11376
11392
21482
21841
12303
12185
11024
11279
11261
11347
21474
21815
12263
12587
12625
12150
11961
12499
12329
12624
12738
17611
17594
17038
17165
17049
23129
23131
16783
23101
17074
16767
16595
16409
16403
23094
23004
16482
16333
16364
16355
22996
16506
16463
16314
16286
16140
16030
16255
16056
16016
15774
15788
16033
16001
15628
15587
15734
15960
15567
15555
15838
15375
15415
15593
15489
15490
15467
15656
15359
15445
15429
15424
15398
14872
14849
14782
14810
15191
15349
15356
15439
15392
15379
14868
14831
14769
14796
12395
15249
15294
15271
15388
15160
14730
14719
14699
14701
12370
15221
15287
15257
14998
14978
14617
14597
14588
12054
11577
11559
10973
10966
11137
11223
11237
21458
21641
13739
14047
13838
22317
22333
13912
22330
22429
13985
13991
22441
22501
14031
14027
22508
22802
14413
14416
14429
14061
14410
22448
22255
22421
22472
22260
22740
22822
22861
22865
22855
22893
22485
22818
143
22288
22378
22543
22547
21795
21804
12273
12609
12301
12696
11356
21470
12069
12062
12083
14664
14707
15517
15672
15743
15758
16242
16178
15534
16012
16271
14734
15601
14639
15949
15986
15004
16507
16188
16512
16384
16668
16732
16744
16670
16676
16750
16428
16682
16693
16786
16709
16753
16793
17155
16756
16861
17172
17189
17262
16445
17057
17171
17200
17269
17205
16607
17083
17111
17128
17325
17342
17386
17463
17462
17295
17212
17018
17007
17024
17538
17592
17514
17659
17666
17622
17619
23288
-1
17787
16066
15853
16085
16075
16098
16110
16135
16132
16149
22971
22982
16492
15858
15885
15929
16129
22964
22977
22997
15229
15237
15313
15329
15824
15833
15917
15920
16552
16567
23013
12456
12467
15302
15818
15802
15899
15906
16541
16630
16218
16230
23027
12679
12685
12694
12429
15303
15201
15686
15705
16527
23012
23104
17103
17133
17153
17151
17361
17349
17427
17423
17454
17456
17714
17721
17745
23053
23080
23080
23118
23135
16887
16908
17409
-1
-1
-1
17702
17705
17687
17645
17699
23043
23071
23086
16519
16806
16798
16800
16941
16945
16838
16866
16883
10991
11112
13105
13218
13189
13208
21950
11001
13200
13272
11879
11889
13367
11899
11919
13171
13241
13298
13403
11946
11968
21956
22026
22020
22263
22275
13759
13245
22298
22301
13852
22411
22416
13956
22464
22466
22675
22404
22926
22757
22908
14307
22779
13406
13261
13793
13795
13850
13839
13855
13941
13933
13951
14014
14385
13316
13813
13820
13881
13900
13973
13964
14003
14019
14021
14052
14053
14268
22781
14339
22783
14279
14399
14353
14272
14338
14257
14310
14210
14241
14192
14198
14326
14320
14167
14243
13619
13688
13736
13722
13741
22107
17280
17245
22167
21937
21986
11367
21946
22050
22057
22072
11352
13895
22237
17627
17575
15362
9112
9547
9150
9826
8450
78
8184
8094
9247
9739
7950
8106
21359
8188
21280
21309
9533
9484
9476
9680
9709
9410
9458
9428
9437
9391
9414
9440
9572
21366
9278
9218
9178
9074
9058
9168
9214
21368
9242
9045
9136
9229
9226
9639
21345
21317
9163
72
8683
8996
21235
21246
21212
9145
9107
8627
8673
8983
21229
21204
21188
8934
8614
8575
8925
8954
21220
21174
21185
8635
8600
8542
21162
21158
21147
8254
8596
8532
8201
8348
8355
8909
8890
8481
21124
21105
8248
8212
8033
8334
21113
8199
8238
8205
8011
8022
8118
8172
8139
21092
8477
4465
4320
18162
18919
18989
4926
4643
19088
4934
4464
133
4484
18393
19036
4494
18274
18373
18397
18535
18566
18569
18377
18289
18467
18743
18616
18557
18741
18690
18654
18475
18716
18502
18719
19478
18513
19212
19498
19505
19228
19491
19690
19183
5205
19262
19246
5166
19157
19148
5106
5137
5156
5134
5058
5070
1950
1921
1935
1958
19138
19122
5116
5212
19187
5180
5097
5219
5237
5420
1909
5098
5238
5679
5682
18244
18254
18240
18501
18450
18442
4450
5197
5378
4460
5387
4581
4549
18421
4575
4548
4538
4529
4602
4597
4646
5399
5413
4592
18489
18441
18784
18365
18779
4519
4522
18342
18772
18332
4512
5806
19641
19696
19691
19652
19653
19266
19293
19144
19468
19520
19671
19255
18813
18812
18673
18644
19022
18996
19005
19006
4950
4937
18981
9030
8897
8554
8561
8943
8002
7986
7968
7925
8027
9714
9718
9751
9620
9624
9753
9809
9325
9068
9295
9309
9377
9336
9381
9836
5718
5163
9055
9776
11603
12473
11537
10953
10950
11129
11217
11227
21451
21622
12550
12570
12113
15080
15093
15077
15055
14988
14970
14604
14567
14575
11854
11866
11631
12476
10897
10918
11090
11168
11196
21435
21617
21654
21661
21670
21709
21712
21750
22955
15037
15028
15045
14946
14904
14534
14474
14488
11717
11684
11675
11529
11511
11450
10911
10913
11083
11165
11179
21421
21506
21547
21600
21699
21705
21695
21739
22938
22935
10314
10320
10214
10199
9973
14461
14465
11694
11656
11644
11517
11486
7414
6671
6899
6916
6998
7013
21416
21517
21533
21577
21582
21726
21028
21062
21414
21402
10310
10283
10196
10183
9968
9947
7647
7637
7599
7586
11489
7455
7388
6661
6897
6908
6994
20352
20791
20827
20863
20873
21009
21019
21049
21399
10295
10276
10193
10140
9929
9933
7617
7611
7576
7568
7440
7409
7390
7419
6883
6891
6991
6987
20784
20801
20840
20853
20979
20930
21047
20971
10260
10233
10161
10138
9925
9917
7562
7552
7510
7517
7323
7390
7361
6642
6857
6870
6877
6938
6964
20709
20730
20762
20776
20919
20909
20941
20952
10239
10222
10144
10126
9911
9905
7534
7494
7499
7497
7295
7349
7340
6637
6852
6744
6817
6957
20682
20701
20742
20752
20643
20891
20670
7728
10112
10098
10063
9902
9894
7268
7182
7155
7863
7860
7280
7080
6634
6723
6740
6819
6829
20486
20503
20541
20549
20633
20647
20659
7718
10110
10081
10040
7279
7251
7145
7137
7060
7052
7775
7833
7032
6712
6732
6805
6824
20456
20472
20515
20525
20612
20629
20609
7699
10078
10034
10025
10000
7235
7207
7123
7109
7784
7783
7871
7030
6690
6707
6753
6790
20394
20410
20440
20451
20566
20588
20602
7686
7668
10016
10009
9996
7227
7192
7107
7095
7034
7737
59
6685
6698
6756
6775
20364
20378
20416
20426
20559
20291
20598
6509
6481
8773
8766
8739
6452
6428
6273
6266
7742
7814
7809
5672
5479
5490
5579
5591
20100
20116
20175
20171
20275
20283
20299
6493
6478
8816
8750
8732
6438
6408
6387
6262
6530
6571
6569
5669
5473
5485
5539
5566
19609
20092
20128
20129
20164
20188
20195
20302
6474
6467
8794
8723
8702
6364
6376
6255
6249
6243
6562
5044
5452
5460
5509
5533
19591
20008
20035
20067
20080
20202
20181
20217
20225
8808
8793
8713
8694
6350
6326
6292
6298
6229
6609
6203
5431
5453
5497
5521
19565
20010
20015
20046
19842
19951
19960
20212
20003
8527
8504
8409
8398
8377
6347
6317
6283
6276
6214
6196
6190
5658
5717
5327
5361
19390
19402
19795
19807
19793
19825
19936
19947
19968
19973
8515
8496
8393
8303
8299
6126
6118
6094
6083
5966
5961
5930
5602
5633
5642
5314
5356
19370
19409
19357
19781
19788
19819
19775
19887
19912
19966
19916
8458
8290
8271
6074
6056
6027
6021
5914
5860
5841
4986
5618
5034
5784
19364
19324
19344
19352
19727
19736
19754
19860
19862
19875
19898
21110
8463
8411
8265
3226
6042
6014
5891
5919
5906
5818
4972
5016
4963
5780
19283
19320
19330
18000
18004
18042
18039
18102
18107
18138
21087
8142
7997
7883
3209
3219
3176
3171
5875
5825
3098
5003
1818
5260
5251
17860
17872
17893
17911
17988
17991
18027
18024
18079
18090
18118
18128
21076
7915
7879
3214
3207
3182
3146
3143
3105
3094
1823
2081
2043
2032
17876
17884
17966
17976
18007
18016
18055
18059
18069
3801
8086
7893
3724
3723
3151
3138
3124
3128
3571
2074
2067
2029
2048
2128
17837
17948
3621
17960
3761
3764
3786
3793
8081
3711
3687
3643
3649
3071
3065
3031
3545
2002
2274
2116
4035
4073
3776
8061
8416
2107
2124
2109
2088
2157
17846
2138
17844
19288
5722
5329
1967
2252
5615
5772
6518
5978
6105
5985
6109
6133
6159
8280
7903
7982
6895
11755
11744
11800
14549
14562
14523
10054
14545
14955
15130
15132
15108
15119
15148
15102
12133
12447
15101
12573
21678
12501
12556
12109
12257
12223
21667
21679
6914
15136
6342
8384
-1
-1
-1
-1
-1
-1
-1
-1
-1
-1
-1
-1
-1
-1
-1
-1
-1
-1
-1
-1
-1
-1
-1
-1
-1
-1
-1
-1
-1
-1
-1
-1
-1
-1
-1
-1
-1
-1
-1